000000000000000000000000000000000000000000000000000000000000
000000000000000000000000000000000000000000000000000000000000
000000000000000000000000000000000000000000000000000000000000
000000000000000000000000000000000000000000000000000000000000
000000000000000000000000000000000000000000000000000000000000
000000000000000000000000000000000000000000000000000000000000
000000000000000000000000000000000000000000000000000000000000
000000000000000000011111100000000000000000000000000000000000
000000000000000011100000011000000000000000000000000000000000
000000000000000010000000000110000000000000000000000000000000
000000000000000010000000000001000000000000000000000000000000
000000000000001100000000000001000000000000000000000000000000
000000000000001000000000000000100000000000000000000000000000
000000000000010000000000000000010000000000000000000000000000
000000000000110000000000000000010000000000000000000000000000
000000000001000000000000000000010000000000000000000000000000
000000000001001000000000000000010000000000000000000000000000
000000000001110000000000000000001000000000000000000000000000
000000000011000000000000000000001000000000000000000000000000
000000000101000000000000000000001000000000000000000000000000
000000001011000000000000000000001000000000000000000000000000
000000001010000000000000000000001000000000000000000000000000
000000001100000000000000000000001000000000000000000000000000
000000010000000000000000000000001000000000000000000000000000
000000010000000000000000000000001000000000000000000000000000
000000010000000000000000000000001000000000000000000000000000
000000010000000000000000000000110000000000000000000000000000
000000010000000000000000000000100000000000000000000000000000
000000010000000000000000000001000000000000000000000000000000
000000010000000000000000000010000000000000000000000000000000
000000010000000000000000001100000000000000000000000000000000
000000010000000000000000111000000000000000000000000000000000
000000010000000000000001000000000000000000000000000000000000
000000011100000000000110000000000000000000000000000000000000
000000000011100000001000000000000000000000000000000000000000
000000000000011100011000000000000000000000000000000000000000
000000000000000011100000000000000000000000000000000000000000
000000000000000011011000000000000000000000000000000000000000
000000000000000010000111000000000000000000000000000000000000
000000000000000100000000111111100000000000000000000000000000
000000000000011000000000000000011000000000000000000000000000
000000000000010000000000000000000111000000000000000000000000
000000000000010000000000000000000000110000000000000000000000
000000000000010000000000000000000000001110000000000000000000
000000000000010000000000000000000000000010000000000000000000
000000000000010000000000000000000000000001000000000000000000
000000000000010000000000000000000000000001000000000000000000
000000000000010000000000000000000000000001000000000000000000
000000000000010000000000000000000000000001000000000000000000
000000000000010000000000000000000000000001000000000000000000
000000000000010000000000000000000000000010000000000000000000
000000000000010000000000000000000000000110000000000000000000
000000000000010000000000000000000000000100000000000000000000
000000000000010000000000000000000000001000000000000000000000
000000000000010000000000000000000000001000000000000000000000
000000000000010000000000000000000000010000000000000000000000
000000000000001100000000000000000001100000000000000000000000
000000000000000011000000000000000010000000000000000000000000
000000000000000001000000000000001100000000000000000000000000
000000000000000000111111111111110000000000000000000000000000
